0,50,68.5 # Camera Bounds
1,13,76.5 # Player Position
75,9

11,11,1,1,0 # Tiles
13,11,1,1,0
15,11,1,1,0
35,13,1,1,1
36,12,1,2,1
37,11,1,4,1
40,11,1,4,1
41,12,1,2,1
42,13,1,1,1
43,9,5,1,0
50,9,5,1,0
55,12,1,1,2
18,12,1,1,2
59,13,1,1,1
60,12,1,2,1
61,11,1,3,1
62,10,1,4,1
63,9,1,6,1
84,9,1,5,1
-1,9,1,5,1

-1,14,24,6 # Floor Sections
26,14,12,6
40,14,24,6
67,14,24,6

12,11,Coin # Lucky Blocks
14,11,Coin
13,8,Coin
45,6,Coin
52,6,Coin

17,13,17,9 # Goombas
26,13,34,26
44,13,54,43
47,13,54,43
50,13,54,43
53,13,54,43

55,12 # Piranha Plants

3,4,2 # Clouds
12,6,1
19,2,2
25,5,3